function out1 = vf_koopman(x1,u1)
%VF_KOOPMAN
%    OUT1 = VF_KOOPMAN(X1,U1)

%    This function was generated by the Symbolic Math Toolbox version 24.2.
%    20-Nov-2024 13:11:39

et1 = u1.*(-7.394117978609065e-2)+x1.*4.791073158830164e-1+u1.*x1.*8.4430562038801e-2+u1.^2.*1.656118430201045e-2-x1.^2.*2.945523296493039;
et2 = 1.795144967084451;
out1 = et1+et2;
end
